magdalen_000014.jpg 1711.70834 20384 128 2609152
magdalen_000986.jpg 1662.847568 14088 128 1803264
oxford_001056.jpg 1004.934056 7796 128 997888
magdalen_000696.jpg 1378.673648 11120 128 1423360
magdalen_000973.jpg 1438.165001 18732 128 2397696
new_000699.jpg 1531.792842 18736 128 2398208
oxford_001523.jpg 1591.349012 24388 128 3121664
ashmolean_000206.jpg 1007.882346 8944 128 1144832
new_000865.jpg 948.681686 8004 128 1024512
bodleian_000408.jpg 786.933971 2800 128 358400
oriel_000103.jpg 2352.682241 27756 128 3552768
trinity_000338.jpg 1222.33069 7808 128 999424
oxford_001175.jpg 1118.87621 10616 128 1358848
oxford_001963.jpg 1755.067716 21396 128 2738688
radcliffe_camera_000001.jpg 1505.811838 16952 128 2169856
oxford_002579.jpg 1747.871732 22272 128 2850816
all_souls_000059.jpg 1060.255009 11112 128 1422336
oxford_000402.jpg 1408.982226 19960 128 2554880
radcliffe_camera_000461.jpg 1563.917779 15724 128 2012672
oxford_000109.jpg 1770.874198 28024 128 3587072
pitt_rivers_000135.jpg 1114.973374 5004 128 640512
oxford_001313.jpg 1505.71194 21752 128 2784256
radcliffe_camera_000349.jpg 1688.29245 18272 128 2338816
oxford_001240.jpg 1041.760826 2972 128 380416
christ_church_000996.jpg 1402.843222 19044 128 2437632
oxford_001480.jpg 1960.17409 29344 128 3756032
christ_church_000321.jpg 1472.915834 19988 128 2558464
oxford_003624.jpg 1135.775577 4888 128 625664
oxford_002179.jpg 806.604904 3816 128 488448
oxford_000240.jpg 681.858306 2348 128 300544
radcliffe_camera_000340.jpg 1216.934469 13532 128 1732096
bodleian_000375.jpg 1565.81492 23076 128 2953728
cornmarket_000024.jpg 1364.474316 10576 128 1353728
new_000422.jpg 1834.241961 26620 128 3407360
balliol_000022.jpg 1417.566938 11012 128 1409536
oxford_000735.jpg 2195.252923 32316 128 4136448
magdalen_000296.jpg 1140.735761 4388 128 561664
magdalen_000519.jpg 1480.490161 16864 128 2158592
oxford_002804.jpg 1867.510908 26828 128 3433984
balliol_000161.jpg 1395.196415 9920 128 1269760
pitt_rivers_000044.jpg 1358.402767 18484 128 2365952
all_souls_000197.jpg 1951.631312 24280 128 3107840
christ_church_000452.jpg 1401.279381 10840 128 1387520
oxford_001219.jpg 871.636706 4708 128 602624
oxford_001215.jpg 1643.914085 19436 128 2487808
oxford_000741.jpg 1600.184713 16236 128 2078208
keble_000057.jpg 993.218723 4884 128 625152
bodleian_000339.jpg 931.175955 5784 128 740352
new_000900.jpg 1641.099913 19316 128 2472448
magdalen_001030.jpg 2064.587818 27660 128 3540480
oxford_002646.jpg 1355.279017 11500 128 1472000
trinity_000316.jpg 1451.281643 10664 128 1364992
pitt_rivers_000086.jpg 1524.597749 20536 128 2628608
ashmolean_000258.jpg 1932.17735 14004 128 1792512
magdalen_000042.jpg 1344.600032 15600 128 1996800
ashmolean_000082.jpg 1325.012266 15556 128 1991168
new_000274.jpg 1368.085435 12668 128 1621504
hertford_000052.jpg 1794.041761 21132 128 2704896
oxford_002702.jpg 1623.903485 16592 128 2123776
oxford_000082.jpg 1879.868483 22256 128 2848768
magdalen_001086.jpg 1669.668993 18592 128 2379776
all_souls_000208.jpg 1626.860523 7872 128 1007616
oxford_003532.jpg 1023.872695 7164 128 916992
oriel_000087.jpg 1717.533179 20276 128 2595328
radcliffe_camera_000176.jpg 1852.862064 30448 128 3897344
pitt_rivers_000146.jpg 1851.329759 29316 128 3752448
oxford_002597.jpg 1396.279024 11308 128 1447424
oxford_002533.jpg 1306.192065 8820 128 1128960
new_000331.jpg 1358.439924 12608 128 1613824
christ_church_000935.jpg 1443.815255 17960 128 2298880
balliol_000163.jpg 1116.226548 3200 128 409600
oxford_001861.jpg 1841.154906 23696 128 3033088
christ_church_000345.jpg 1916.825722 25028 128 3203584
magdalen_000246.jpg 1983.608007 19948 128 2553344
new_000282.jpg 1542.414431 20640 128 2641920
new_000786.jpg 2018.067348 25168 128 3221504
oxford_001343.jpg 1523.080295 14644 128 1874432
oxford_001726.jpg 2017.538332 32680 128 4183040
oxford_001556.jpg 1097.561849 9796 128 1253888
magdalen_000574.jpg 974.319145 3948 128 505344
oxford_003261.jpg 1770.365056 21296 128 2725888
new_000883.jpg 1471.397388 12856 128 1645568
bodleian_000077.jpg 2317.555091 20192 128 2584576
new_000810.jpg 1880.459532 14656 128 1875968
new_000014.jpg 1351.666753 16628 128 2128384
oxford_003278.jpg 1455.007735 14084 128 1802752
christ_church_000871.jpg 1937.445438 32684 128 4183552
oriel_000042.jpg 1606.638252 17596 128 2252288
oxford_003226.jpg 2422.563824 28108 128 3597824
cornmarket_000114.jpg 1679.40215 16864 128 2158592
oxford_001760.jpg 949.194877 6800 128 870400
oxford_001528.jpg 1213.09558 13800 128 1766400
new_000915.jpg 767.279422 2936 128 375808
new_000377.jpg 1566.694382 16556 128 2119168
oxford_001557.jpg 1379.321896 12764 128 1633792
oxford_001870.jpg 1264.380818 9064 128 1160192
radcliffe_camera_000116.jpg 1627.126344 21400 128 2739200
magdalen_001037.jpg 2118.122573 30492 128 3902976
magdalen_000611.jpg 1178.821397 3172 128 406016
christ_church_000989.jpg 2449.117117 35336 128 4523008
christ_church_000130.jpg 1324.51807 15692 128 2008576
oxford_000494.jpg 1425.707124 11548 128 1478144
keble_000230.jpg 1830.552643 15404 128 1971712
christ_church_000969.jpg 2100.157042 29288 128 3748864
jesus_000040.jpg 1482.7101 13656 128 1747968
oxford_000896.jpg 1436.222192 14836 128 1899008
bodleian_000409.jpg 3182.001937 60048 128 7686144
oxford_000051.jpg 875.365433 8556 128 1095168
magdalen_000311.jpg 1302.578821 15720 128 2012160
oxford_001970.jpg 1902.757722 14944 128 1912832
oxford_003132.jpg 1579.136941 15404 128 1971712
new_000974.jpg 1944.707611 31456 128 4026368
bodleian_000027.jpg 1236.515196 10320 128 1320960
radcliffe_camera_000518.jpg 2030.878199 26732 128 3421696
trinity_000104.jpg 1126.397242 2020 128 258560
pitt_rivers_000096.jpg 1456.77135 13096 128 1676288
keble_000241.jpg 3135.090955 34408 128 4404224
bodleian_000108.jpg 1661.119308 25496 128 3263488
keble_000190.jpg 1411.715228 17960 128 2298880
magdalen_000245.jpg 1384.24457 7052 128 902656
magdalen_000225.jpg 1518.072564 7696 128 985088
bodleian_000136.jpg 912.15085 4768 128 610304
pitt_rivers_000011.jpg 1663.420131 17204 128 2202112
worcester_000063.jpg 1116.02115 3276 128 419328
christ_church_000987.jpg 1616.74637 15880 128 2032640
oxford_003031.jpg 1675.111586 19284 128 2468352
bodleian_000170.jpg 1508.833329 18024 128 2307072
hertford_000013.jpg 1383.455918 16536 128 2116608
magdalen_001114.jpg 1767.776656 19632 128 2512896
oxford_001437.jpg 2141.07263 25116 128 3214848
oxford_001173.jpg 2004.997787 24748 128 3167744
balliol_000172.jpg 1878.148153 10160 128 1300480
christ_church_000359.jpg 2319.923995 29084 128 3722752
magdalen_001153.jpg 1100.112021 10656 128 1363968
magdalen_000565.jpg 1530.10755 6804 128 870912
oxford_000734.jpg 1068.9333 9600 128 1228800
oriel_000007.jpg 1938.206365 16328 128 2089984
oxford_002889.jpg 1279.594848 13892 128 1778176
jesus_000332.jpg 1351.375648 8324 128 1065472
worcester_000093.jpg 1933.576792 30140 128 3857920
oriel_000086.jpg 1072.346749 1200 128 153600
christ_church_000648.jpg 1728.518637 16944 128 2168832
magdalen_000026.jpg 2775.926512 45324 128 5801472
new_000642.jpg 1751.1542 15976 128 2044928
bodleian_000360.jpg 1512.96836 16476 128 2108928
trinity_000281.jpg 1538.463321 13744 128 1759232
magdalen_000811.jpg 1906.454978 26464 128 3387392
radcliffe_camera_000346.jpg 2116.744611 27896 128 3570688
trinity_000278.jpg 1759.249209 17456 128 2234368
christ_church_000911.jpg 1668.284344 5980 128 765440
jesus_000314.jpg 1356.139955 13224 128 1692672
jesus_000275.jpg 993.322362 5272 128 674816
radcliffe_camera_000431.jpg 1770.253139 10992 128 1406976
oxford_001277.jpg 1707.559805 23892 128 3058176
worcester_000119.jpg 2286.664342 30092 128 3851776
oxford_001676.jpg 1961.430694 17996 128 2303488
balliol_000036.jpg 1466.209529 11384 128 1457152
ashmolean_000028.jpg 1628.435819 9584 128 1226752
oxford_002866.jpg 2385.760564 27052 128 3462656
oxford_001210.jpg 1593.19453 12876 128 1648128
oxford_003328.jpg 2157.139693 27444 128 3512832
trinity_000139.jpg 1978.598381 31168 128 3989504
magdalen_001139.jpg 1681.796039 15592 128 1995776
christ_church_000728.jpg 2191.810691 35900 128 4595200
oxford_002376.jpg 2003.122515 23688 128 3032064
magdalen_000991.jpg 2224.132134 29492 128 3774976
bodleian_000049.jpg 1554.698576 21848 128 2796544
magdalen_001087.jpg 1479.015047 17220 128 2204160
balliol_000012.jpg 1418.335451 9784 128 1252352
magdalen_000294.jpg 1180.652081 9532 128 1220096
magdalen_000508.jpg 2136.060563 26692 128 3416576
pitt_rivers_000164.jpg 2173.179327 30452 128 3897856
christ_church_000139.jpg 1419.052705 16332 128 2090496
oxford_002417.jpg 2067.500876 27524 128 3523072
radcliffe_camera_000264.jpg 1542.997057 19632 128 2512896
radcliffe_camera_000512.jpg 1378.689901 9092 128 1163776
oxford_002416.jpg 2651.594031 27180 128 3479040
bodleian_000201.jpg 2870.248915 29140 128 3729920
new_001023.jpg 975.395705 3604 128 461312
oxford_002409.jpg 2090.408455 30836 128 3947008
keble_000172.jpg 1888.955323 30332 128 3882496
magdalen_000276.jpg 1547.441364 13176 128 1686528
ashmolean_000274.jpg 2014.73462 16924 128 2166272
hertford_000011.jpg 1516.294914 19356 128 2477568
trinity_000352.jpg 1241.166591 6548 128 838144
trinity_000227.jpg 1193.960004 3084 128 394752
bodleian_000186.jpg 1685.240309 18744 128 2399232
oxford_000627.jpg 1107.486821 9356 128 1197568
oxford_000074.jpg 1765.4303 16540 128 2117120
hertford_000103.jpg 1174.293832 7204 128 922112
oxford_003474.jpg 1367.620149 7876 128 1008128
radcliffe_camera_000360.jpg 1913.681086 23244 128 2975232
oxford_002056.jpg 1844.263806 21820 128 2792960
oxford_001008.jpg 2540.07368 39460 128 5050880
oxford_000542.jpg 2548.070467 18824 128 2409472
magdalen_000037.jpg 2679.608899 43612 128 5582336
balliol_000025.jpg 1281.695757 7152 128 915456
bodleian_000395.jpg 1656.815746 16096 128 2060288
oxford_003386.jpg 1822.692862 9252 128 1184256
new_000665.jpg 2020.548438 24952 128 3193856
oxford_000019.jpg 1410.035927 7344 128 940032
oxford_002764.jpg 1943.252982 29056 128 3719168
new_000632.jpg 1778.22502 8676 128 1110528
oxford_000825.jpg 2802.314975 33484 128 4285952
all_souls_000012.jpg 1797.027377 26204 128 3354112
hertford_000035.jpg 1913.309389 20964 128 2683392
new_000540.jpg 1390.318961 9028 128 1155584
oxford_001583.jpg 1797.502046 21228 128 2717184
oxford_003456.jpg 1982.625897 23976 128 3068928
magdalen_000319.jpg 1118.909596 2244 128 287232
christ_church_001015.jpg 2526.44859 42456 128 5434368
oxford_002500.jpg 1920.666089 23044 128 2949632
new_000229.jpg 2705.259223 18308 128 2343424
oriel_000037.jpg 1597.861226 17264 128 2209792
oxford_002922.jpg 1821.678003 20512 128 2625536
magdalen_000987.jpg 2721.496166 14928 128 1910784
christ_church_001020.jpg 991.582624 6432 128 823296
oxford_001328.jpg 2016.589764 35368 128 4527104
balliol_000160.jpg 970.134379 6016 128 770048
christ_church_000354.jpg 1598.397695 24764 128 3169792
christ_church_001048.jpg 1430.162528 9848 128 1260544
magdalen_000644.jpg 1023.444311 5920 128 757760
new_000550.jpg 2729.83835 27380 128 3504640
oxford_002265.jpg 766.106522 912 128 116736
jesus_000042.jpg 1781.62022 13216 128 1691648
hertford_000057.jpg 1354.435276 16344 128 2092032
new_000681.jpg 1187.2277 8968 128 1147904
balliol_000169.jpg 1433.959091 18100 128 2316800
oxford_000873.jpg 1393.075643 10168 128 1301504
oxford_003544.jpg 895.079995 2620 128 335360
magdalen_001038.jpg 2471.09542 38168 128 4885504
magdalen_000093.jpg 1152.482921 12300 128 1574400
oxford_002207.jpg 1192.776749 5396 128 690688
christ_church_000174.jpg 1466.804342 11760 128 1505280
magdalen_000240.jpg 1845.930536 22536 128 2884608
new_000908.jpg 2315.50604 38772 128 4962816
magdalen_001018.jpg 2270.808433 39424 128 5046272
oxford_000859.jpg 1453.157861 13036 128 1668608
magdalen_000943.jpg 2584.161503 19720 128 2524160
christ_church_000698.jpg 1567.874196 21752 128 2784256
hertford_000095.jpg 1782.116727 24164 128 3092992
radcliffe_camera_000483.jpg 1536.143717 11236 128 1438208
oxford_003457.jpg 1641.274432 16316 128 2088448
christ_church_000218.jpg 2568.857823 26424 128 3382272
magdalen_000572.jpg 1244.14782 9228 128 1181184
oxford_000574.jpg 1663.373215 22872 128 2927616
all_souls_000068.jpg 1413.650918 13108 128 1677824
ashmolean_000014.jpg 1598.088295 15756 128 2016768
oxford_001354.jpg 1376.54823 12492 128 1598976
new_000732.jpg 2175.468898 17428 128 2230784
oxford_002100.jpg 1710.780263 18640 128 2385920
radcliffe_camera_000283.jpg 1526.152179 12804 128 1638912
oxford_003306.jpg 1482.850848 18872 128 2415616
oxford_000821.jpg 2026.351125 9588 128 1227264
magdalen_000534.jpg 2061.55863 27584 128 3530752
all_souls_000006.jpg 1245.864896 12712 128 1627136
christ_church_001036.jpg 1932.432403 18696 128 2393088
oxford_000208.jpg 1896.150372 25812 128 3303936
christ_church_000304.jpg 1528.684048 13684 128 1751552
oxford_002016.jpg 1654.674415 11848 128 1516544
oxford_000589.jpg 1483.9234 20452 128 2617856
oxford_000138.jpg 1884.564015 7048 128 902144
oxford_002032.jpg 1394.276098 5788 128 740864
magdalen_000155.jpg 1201.551066 5508 128 705024
jesus_000391.jpg 1714.006978 17380 128 2224640
pitt_rivers_000040.jpg 3082.904839 46244 128 5919232
oxford_003056.jpg 1207.395057 11212 128 1435136
oxford_001700.jpg 1850.556187 25156 128 3219968
oxford_003104.jpg 1622.137218 16720 128 2140160
magdalen_000193.jpg 1777.609746 28000 128 3584000
new_001076.jpg 1115.08732 4144 128 530432
new_000973.jpg 1078.212713 10644 128 1362432
bodleian_000043.jpg 1909.485183 20076 128 2569728
oxford_001512.jpg 2039.981687 26640 128 3409920
jesus_000394.jpg 1623.458584 9680 128 1239040
bodleian_000069.jpg 1731.268771 24304 128 3110912
christ_church_000549.jpg 1424.486026 5312 128 679936
christ_church_000682.jpg 1897.637108 13696 128 1753088
oxford_003303.jpg 2119.21558 29868 128 3823104
magdalen_000742.jpg 1393.870281 14224 128 1820672
oxford_003531.jpg 1900.398597 17936 128 2295808
radcliffe_camera_000333.jpg 2177.98929 30692 128 3928576
all_souls_000045.jpg 1455.331376 11872 128 1519616
christ_church_000932.jpg 1070.676552 7844 128 1004032
radcliffe_camera_000297.jpg 1898.848732 23876 128 3056128
christ_church_000380.jpg 2202.027946 20972 128 2684416
oxford_001928.jpg 3755.540291 75704 128 9690112
hertford_000025.jpg 1352.631869 15848 128 2028544
hertford_000062.jpg 1996.346967 13444 128 1720832
radcliffe_camera_000522.jpg 1899.203073 23628 128 3024384
magdalen_000816.jpg 1320.072507 15828 128 2025984
balliol_000119.jpg 1451.740333 10296 128 1317888
keble_000248.jpg 2491.290989 30432 128 3895296
oxford_002959.jpg 1019.398819 6832 128 874496
oxford_002502.jpg 1601.014755 17804 128 2278912
new_000063.jpg 1628.947946 15764 128 2017792
oxford_003096.jpg 1720.431216 16392 128 2098176
oxford_001085.jpg 1846.793919 20232 128 2589696
oxford_003513.jpg 1889.08358 22384 128 2865152
oxford_000383.jpg 2125.122198 26676 128 3414528
radcliffe_camera_000160.jpg 2303.839716 22760 128 2913280
magdalen_000343.jpg 1791.679396 26316 128 3368448
cornmarket_000004.jpg 1812.722371 16856 128 2157568
oxford_001638.jpg 1802.441441 13952 128 1785856
christ_church_001114.jpg 1891.719344 21688 128 2776064
oxford_002066.jpg 1938.143328 25108 128 3213824
new_000042.jpg 1147.788739 9728 128 1245184
balliol_000189.jpg 2194.060255 28812 128 3687936
oxford_000031.jpg 1554.528177 12316 128 1576448
oxford_000974.jpg 1417.280879 19856 128 2541568
oxford_000673.jpg 1661.57971 22336 128 2859008
ashmolean_000174.jpg 1665.351174 17212 128 2203136
bodleian_000190.jpg 1600.327604 18172 128 2326016
magdalen_000488.jpg 1634.006048 9460 128 1210880
magdalen_000741.jpg 1001.363515 4228 128 541184
oxford_000780.jpg 2088.229922 18856 128 2413568
oxford_001434.jpg 2031.31894 10720 128 1372160
oxford_002886.jpg 1644.011822 10924 128 1398272
new_000380.jpg 1080.397461 8632 128 1104896
magdalen_000020.jpg 2071.320623 31524 128 4035072
oriel_000003.jpg 1816.12975 17584 128 2250752
new_000479.jpg 1175.923577 11100 128 1420800
magdalen_000538.jpg 2169.943854 14936 128 1911808
oxford_002134.jpg 1278.962731 14100 128 1804800
oxford_003424.jpg 1444.582325 14536 128 1860608
christ_church_000353.jpg 1045.333346 1560 128 199680
magdalen_000486.jpg 1939.720761 18688 128 2392064
cornmarket_000122.jpg 2926.812621 63096 128 8076288
trinity_000363.jpg 2064.944259 9072 128 1161216
new_000106.jpg 1685.535647 18660 128 2388480
bodleian_000128.jpg 1906.018556 23464 128 3003392
new_000820.jpg 2716.020537 44552 128 5702656
radcliffe_camera_000063.jpg 1894.706659 26008 128 3329024
trinity_000178.jpg 1728.377446 8688 128 1112064
new_000370.jpg 1491.275005 12812 128 1639936
magdalen_000895.jpg 854.098674 3304 128 422912
pitt_rivers_000141.jpg 2398.085469 37476 128 4796928
radcliffe_camera_000407.jpg 1360.733016 15496 128 1983488
magdalen_001060.jpg 1733.577502 19196 128 2457088
oxford_000656.jpg 1804.490494 23188 128 2968064
new_000336.jpg 1160.115695 9740 128 1246720
hertford_000131.jpg 1619.314031 11688 128 1496064
radcliffe_camera_000053.jpg 1644.714495 16560 128 2119680
magdalen_000159.jpg 828.260023 2700 128 345600
bodleian_000135.jpg 1800.331138 28340 128 3627520
magdalen_000380.jpg 1900.218485 10144 128 1298432
new_001017.jpg 984.733293 5080 128 650240
christ_church_000811.jpg 1309.508327 6436 128 823808
magdalen_000330.jpg 1389.618576 8860 128 1134080
oxford_000316.jpg 1502.732507 18180 128 2327040
christ_church_000412.jpg 1658.175436 13984 128 1789952
radcliffe_camera_000270.jpg 2488.001492 24576 128 3145728
magdalen_000468.jpg 1982.940006 20656 128 2643968
ashmolean_000248.jpg 1895.896658 5872 128 751616
pitt_rivers_000144.jpg 2336.6387 36364 128 4654592
oxford_000890.jpg 1491.666829 18580 128 2378240
new_000222.jpg 2399.61941 14668 128 1877504
ashmolean_000192.jpg 1257.922973 16248 128 2079744
trinity_000083.jpg 1130.026484 3148 128 402944
new_000057.jpg 1630.024569 23232 128 2973696
balliol_000145.jpg 1081.220365 8164 128 1044992
oxford_001961.jpg 1735.110216 10576 128 1353728
radcliffe_camera_000072.jpg 1888.3187 15296 128 1957888
bodleian_000338.jpg 1745.030103 12252 128 1568256
oxford_000709.jpg 497.777501 2676 128 342528
radcliffe_camera_000254.jpg 2288.143509 34980 128 4477440
oxford_002337.jpg 1690.920429 14804 128 1894912
bodleian_000380.jpg 2259.587988 17488 128 2238464
magdalen_000073.jpg 2241.03313 20820 128 2664960
new_000313.jpg 1287.656349 688 128 88064
new_000759.jpg 2128.239502 16880 128 2160640
magdalen_000363.jpg 1947.265407 22208 128 2842624
christ_church_000339.jpg 1713.209785 22556 128 2887168
christ_church_000073.jpg 1384.025952 10940 128 1400320
jesus_000186.jpg 1300.487862 3892 128 498176
oxford_000502.jpg 1587.356223 6632 128 848896
oxford_003347.jpg 2002.525197 19744 128 2527232
balliol_000037.jpg 1607.171528 9672 128 1238016
worcester_000117.jpg 2632.376715 35516 128 4546048
ashmolean_000090.jpg 1385.179395 7536 128 964608
christ_church_000403.jpg 1169.581787 4532 128 580096
oxford_000878.jpg 1400.928732 13532 128 1732096
oxford_000905.jpg 1737.238957 21316 128 2728448
oxford_001190.jpg 1924.092623 18336 128 2347008
oxford_001504.jpg 1920.06851 17356 128 2221568
magdalen_000289.jpg 1635.112357 5652 128 723456
oxford_000742.jpg 2512.180206 24456 128 3130368
oxford_002517.jpg 2215.125125 26804 128 3430912
oxford_003079.jpg 2037.763359 15496 128 1983488
oxford_003355.jpg 1355.511181 696 128 89088
oxford_000023.jpg 1914.683723 13300 128 1702400
magdalen_000504.jpg 1235.147225 10828 128 1385984
radcliffe_camera_000298.jpg 1403.546446 14636 128 1873408
jesus_000298.jpg 1563.680104 8212 128 1051136
magdalen_000636.jpg 1220.593347 1720 128 220160
all_souls_000193.jpg 1657.053859 14184 128 1815552
oxford_001222.jpg 2247.135807 31744 128 4063232
new_000807.jpg 1659.091878 10628 128 1360384
keble_000038.jpg 1828.957006 12112 128 1550336
oxford_001806.jpg 1940.23811 23120 128 2959360
radcliffe_camera_000470.jpg 1894.635431 23372 128 2991616
oxford_002507.jpg 2180.120446 29020 128 3714560
trinity_000339.jpg 1076.96352 9836 128 1259008
oxford_000301.jpg 1029.230557 6168 128 789504
oxford_001585.jpg 2157.431142 11560 128 1479680
all_souls_000134.jpg 2037.12142 26084 128 3338752
new_000301.jpg 1305.66023 10816 128 1384448
bodleian_000422.jpg 1389.74407 12728 128 1629184
christ_church_000042.jpg 2198.392462 21520 128 2754560
oxford_001281.jpg 1528.117803 17912 128 2292736
trinity_000310.jpg 1752.309952 14120 128 1807360
oxford_002966.jpg 2121.935059 21632 128 2768896
cornmarket_000102.jpg 1755.810012 15624 128 1999872
oxford_003045.jpg 1343.863028 8072 128 1033216
oxford_001955.jpg 1835.133019 21020 128 2690560
jesus_000035.jpg 1384.56403 6152 128 787456
pitt_rivers_000041.jpg 1488.008484 18212 128 2331136
oxford_000246.jpg 1443.863626 9632 128 1232896
new_000364.jpg 1602.128772 22536 128 2884608
christ_church_000629.jpg 2066.284968 24612 128 3150336
oxford_002286.jpg 1587.131274 21944 128 2808832
oxford_003319.jpg 1370.67483 19636 128 2513408
balliol_000064.jpg 2884.843076 35276 128 4515328
oxford_001144.jpg 3320.987062 70232 128 8989696
magdalen_000728.jpg 1154.465287 9756 128 1248768
magdalen_000436.jpg 2006.151037 31716 128 4059648
oxford_001679.jpg 1058.141596 5348 128 684544
jesus_000315.jpg 2168.714211 9300 128 1190400
oxford_001239.jpg 1431.630478 7872 128 1007616
balliol_000073.jpg 2681.772025 41104 128 5261312
oxford_003410.jpg 1770.154723 10616 128 1358848
oxford_003373.jpg 1316.271004 13196 128 1689088
new_000932.jpg 1440.408727 14020 128 1794560
new_000796.jpg 2020.755215 30036 128 3844608
ashmolean_000060.jpg 1080.92905 9940 128 1272320
radcliffe_camera_000546.jpg 1935.115466 21024 128 2691072
oxford_002133.jpg 1021.332653 716 128 91648
cornmarket_000120.jpg 2245.101815 14708 128 1882624
oxford_000385.jpg 1908.644874 22536 128 2884608
radcliffe_camera_000402.jpg 2202.732678 27912 128 3572736
jesus_000359.jpg 1163.06117 10988 128 1406464
oxford_002596.jpg 1507.403044 11264 128 1441792
magdalen_000022.jpg 1650.371906 24232 128 3101696
christ_church_000721.jpg 1444.802917 18340 128 2347520
oxford_002038.jpg 1527.642338 1968 128 251904
radcliffe_camera_000088.jpg 1741.782562 23156 128 2963968
trinity_000197.jpg 1654.968131 25248 128 3231744
oxford_002049.jpg 1286.322355 4216 128 539648
keble_000113.jpg 972.245058 9524 128 1219072
magdalen_000244.jpg 1043.24704 2064 128 264192
oxford_000592.jpg 2344.301499 26372 128 3375616
christ_church_000093.jpg 1301.403824 16184 128 2071552
ashmolean_000058.jpg 2057.215232 11592 128 1483776
radcliffe_camera_000233.jpg 1727.44131 22564 128 2888192
christ_church_000226.jpg 1112.005741 4548 128 582144
worcester_000110.jpg 1415.858803 9616 128 1230848
magdalen_001011.jpg 1214.29635 6488 128 830464
christ_church_000450.jpg 1556.699274 11412 128 1460736
magdalen_000198.jpg 1051.951375 9080 128 1162240
magdalen_000998.jpg 1368.979597 17260 128 2209280
magdalen_001032.jpg 1276.345475 8208 128 1050624
radcliffe_camera_000182.jpg 1578.544342 22028 128 2819584
jesus_000062.jpg 1899.96853 20472 128 2620416
oxford_003537.jpg 1827.69027 24368 128 3119104
oxford_001654.jpg 1933.272133 23392 128 2994176
oxford_003078.jpg 1764.072642 17156 128 2195968
christ_church_000896.jpg 2325.82118 29616 128 3790848
bodleian_000000.jpg 1290.026933 11324 128 1449472
oxford_001274.jpg 2169.254402 27388 128 3505664
radcliffe_camera_000423.jpg 2011.318274 32660 128 4180480
jesus_000036.jpg 1537.427555 11712 128 1499136
jesus_000348.jpg 1912.156383 21600 128 2764800
bodleian_000164.jpg 2149.156069 21900 128 2803200
jesus_000037.jpg 1855.327952 22916 128 2933248
ashmolean_000149.jpg 2281.068575 32960 128 4218880
oxford_001058.jpg 1746.505496 12776 128 1635328
jesus_000398.jpg 1731.653985 26216 128 3355648
bodleian_000318.jpg 1314.074433 8572 128 1097216
new_001067.jpg 1110.056846 2840 128 363520
oxford_003633.jpg 1704.451066 16692 128 2136576
trinity_000047.jpg 1053.616292 1804 128 230912
christ_church_000369.jpg 1705.103604 13696 128 1753088
radcliffe_camera_000215.jpg 1119.419504 10688 128 1368064
oxford_000960.jpg 1936.15136 24176 128 3094528
magdalen_001078.jpg 1695.411024 17340 128 2219520
balliol_000094.jpg 1826.079587 21704 128 2778112
bodleian_000244.jpg 2416.390335 39932 128 5111296
oxford_003500.jpg 1757.329023 18588 128 2379264
christ_church_000072.jpg 1771.279381 19784 128 2532352
magdalen_000571.jpg 1507.683832 15068 128 1928704
ashmolean_000184.jpg 920.503085 3996 128 511488
oxford_001904.jpg 1210.711067 6308 128 807424
christ_church_000312.jpg 2402.675746 18828 128 2409984
jesus_000043.jpg 1501.658541 12344 128 1580032
magdalen_000732.jpg 1414.998702 17760 128 2273280
oxford_000480.jpg 1262.398227 12308 128 1575424
magdalen_000181.jpg 1309.585101 6976 128 892928
oxford_002158.jpg 933.78475 4524 128 579072
oxford_003468.jpg 1233.959116 14872 128 1903616
oxford_000814.jpg 1253.943876 6224 128 796672
oxford_000685.jpg 2124.861989 29036 128 3716608
christ_church_000443.jpg 2799.954931 27684 128 3543552
new_000004.jpg 873.291043 2648 128 338944
oxford_003595.jpg 1742.546315 18112 128 2318336
cornmarket_000047.jpg 1769.029093 24388 128 3121664
oxford_002236.jpg 1575.055574 17908 128 2292224
magdalen_000503.jpg 1746.379609 18972 128 2428416
oxford_002205.jpg 2804.209652 45272 128 5794816
trinity_000210.jpg 1330.934551 5988 128 766464
all_souls_000000.jpg 1889.644987 24344 128 3116032
oxford_000930.jpg 1706.63726 13508 128 1729024
new_000362.jpg 1630.145155 12904 128 1651712
pitt_rivers_000078.jpg 1292.809078 9312 128 1191936
worcester_000054.jpg 2573.123059 39040 128 4997120
trinity_000108.jpg 833.341563 928 128 118784
oxford_000676.jpg 1857.429278 12900 128 1651200
christ_church_000217.jpg 2451.411357 36756 128 4704768
new_001057.jpg 1451.423928 13636 128 1745408
keble_000208.jpg 1305.11029 7804 128 998912
oxford_002800.jpg 1556.041182 15324 128 1961472
oxford_001708.jpg 1823.396518 16428 128 2102784
new_000272.jpg 1618.725531 19156 128 2451968
ashmolean_000336.jpg 1035.087876 11284 128 1444352
all_souls_000103.jpg 1691.292722 11564 128 1480192
oxford_002978.jpg 2135.464292 30164 128 3860992
balliol_000109.jpg 1457.73677 15356 128 1965568
trinity_000368.jpg 1824.832545 16780 128 2147840
christ_church_000329.jpg 1344.333965 4172 128 534016
all_souls_000131.jpg 1458.388918 6220 128 796160
oxford_002662.jpg 1871.807271 17768 128 2274304
new_000979.jpg 1433.758674 10844 128 1388032
oxford_000072.jpg 1788.855233 17176 128 2198528
new_000963.jpg 1347.297695 6208 128 794624
magdalen_000945.jpg 2215.042552 29208 128 3738624
magdalen_000866.jpg 1737.375733 13040 128 1669120
magdalen_000361.jpg 1847.997449 16264 128 2081792
oxford_000046.jpg 1389.299392 13372 128 1711616
magdalen_001014.jpg 1749.058835 15224 128 1948672
oxford_002309.jpg 1538.112001 15764 128 2017792
christ_church_000395.jpg 2101.20238 13508 128 1729024
radcliffe_camera_000424.jpg 2170.698958 24596 128 3148288
oxford_000167.jpg 2175.26507 29484 128 3773952
keble_000033.jpg 2257.977865 28672 128 3670016
magdalen_000639.jpg 1985.080247 8276 128 1059328
ashmolean_000173.jpg 1251.291437 3372 128 431616
oxford_002841.jpg 1914.708475 13728 128 1757184
balliol_000194.jpg 1860.42018 17628 128 2256384
oxford_002401.jpg 1169.221681 7524 128 963072
christ_church_000828.jpg 1940.657966 21080 128 2698240
magdalen_000826.jpg 1511.810245 14136 128 1809408
oxford_002814.jpg 1290.342782 8988 128 1150464
radcliffe_camera_000419.jpg 1585.621223 18708 128 2394624
new_000481.jpg 2190.050942 31152 128 3987456
magdalen_000984.jpg 1820.108962 13916 128 1781248
oxford_000904.jpg 2225.591214 13052 128 1670656
magdalen_000135.jpg 1894.633327 18880 128 2416640
all_souls_000017.jpg 1399.10561 10216 128 1307648
oxford_000586.jpg 2400.791931 33100 128 4236800
ashmolean_000078.jpg 1369.162707 11808 128 1511424
balliol_000111.jpg 1530.012251 11624 128 1487872
oxford_001803.jpg 1744.539582 18972 128 2428416
oxford_003055.jpg 2273.471693 18668 128 2389504
oxford_001066.jpg 1787.105075 26744 128 3423232
oxford_002982.jpg 1833.035765 24972 128 3196416
oxford_001761.jpg 1680.457875 13828 128 1769984
oxford_001838.jpg 1161.408787 14864 128 1902592
keble_000187.jpg 1865.34834 15316 128 1960448
balliol_000149.jpg 1415.511506 5060 128 647680
worcester_000116.jpg 2557.316871 30744 128 3935232
christ_church_000407.jpg 2133.28245 21148 128 2706944
all_souls_000101.jpg 1428.405445 8120 128 1039360
christ_church_000836.jpg 2115.117284 25044 128 3205632
oxford_001087.jpg 2313.202554 25408 128 3252224
oxford_000341.jpg 2461.563875 20292 128 2597376
keble_000018.jpg 2030.662482 6764 128 865792
trinity_000005.jpg 2196.036621 13740 128 1758720
trinity_000297.jpg 1550.396883 10616 128 1358848
magdalen_000053.jpg 2133.151912 20156 128 2579968
radcliffe_camera_000478.jpg 2334.002793 32324 128 4137472
balliol_000053.jpg 1758.03481 9680 128 1239040
oxford_000133.jpg 1432.263109 13932 128 1783296
christ_church_000161.jpg 1566.049989 17024 128 2179072
all_souls_000047.jpg 1310.013675 12188 128 1560064
balliol_000138.jpg 1230.981462 3048 128 390144
keble_000247.jpg 1710.065923 24420 128 3125760
new_000372.jpg 1431.000344 8088 128 1035264
oxford_000672.jpg 1996.387747 22632 128 2896896
magdalen_000585.jpg 1047.322617 11332 128 1450496
magdalen_000484.jpg 1150.996947 9768 128 1250304
christ_church_000545.jpg 2318.751636 25312 128 3239936
christ_church_000224.jpg 1521.521075 17832 128 2282496
jesus_000099.jpg 1441.36857 5264 128 673792
oxford_003467.jpg 1044.229863 7820 128 1000960
balliol_000103.jpg 2016.926084 30636 128 3921408
magdalen_000080.jpg 1688.612177 15580 128 1994240
all_souls_000182.jpg 1805.044561 19396 128 2482688
trinity_000075.jpg 1150.857936 1196 128 153088
trinity_000050.jpg 2049.964073 24144 128 3090432
bodleian_000014.jpg 2084.527883 18476 128 2364928
trinity_000290.jpg 1359.141511 13364 128 1710592
magdalen_000635.jpg 1993.799165 20768 128 2658304
magdalen_000858.jpg 2074.945061 28332 128 3626496
keble_000209.jpg 2348.238871 30028 128 3843584
christ_church_000166.jpg 2262.442363 21888 128 2801664
magdalen_000618.jpg 1060.428765 5320 128 680960
christ_church_000262.jpg 2037.412297 24468 128 3131904
radcliffe_camera_000086.jpg 1529.305411 5680 128 727040
oriel_000040.jpg 1137.627111 9244 128 1183232
hertford_000027.jpg 1991.905695 19800 128 2534400
new_000483.jpg 1426.070044 11432 128 1463296
new_001048.jpg 1671.269235 14116 128 1806848
hertford_000099.jpg 1233.246574 8980 128 1149440
oxford_001112.jpg 1703.137267 14824 128 1897472
trinity_000177.jpg 1115.689513 5844 128 748032
oxford_003060.jpg 1788.704405 17760 128 2273280
oxford_000524.jpg 2525.232324 36656 128 4691968
jesus_000083.jpg 1700.752718 14928 128 1910784
christ_church_001012.jpg 1610.505844 14820 128 1896960
hertford_000023.jpg 1256.916867 8448 128 1081344
christ_church_000178.jpg 1766.747372 15944 128 2040832
balliol_000044.jpg 1356.741746 5284 128 676352
oxford_001244.jpg 1515.296663 9784 128 1252352
oxford_002358.jpg 1370.157055 10372 128 1327616
jesus_000322.jpg 1685.440097 8916 128 1141248
oxford_002595.jpg 2629.21891 39180 128 5015040
christ_church_000051.jpg 2244.714826 32116 128 4110848
christ_church_000757.jpg 1610.284535 17928 128 2294784
magdalen_000136.jpg 2149.806154 26816 128 3432448
bodleian_000262.jpg 1409.315914 5704 128 730112
oxford_001780.jpg 2041.043156 22832 128 2922496
magdalen_000196.jpg 1397.977847 4588 128 587264
oxford_002592.jpg 2461.450846 31876 128 4080128
magdalen_000758.jpg 1841.751013 9316 128 1192448
oxford_003010.jpg 2915.265264 44164 128 5652992
magdalen_000731.jpg 2294.937794 28748 128 3679744
oxford_001757.jpg 2128.743847 24116 128 3086848
oxford_001131.jpg 2678.082289 41116 128 5262848
oxford_003077.jpg 1845.003407 15928 128 2038784
trinity_000072.jpg 1219.040155 896 128 114688
oxford_000755.jpg 1832.639662 22396 128 2866688
oxford_001361.jpg 1409.168581 6700 128 857600
radcliffe_camera_000130.jpg 1669.016314 20852 128 2669056
ashmolean_000067.jpg 1611.677532 6444 128 824832
oxford_003035.jpg 1266.082872 9240 128 1182720
all_souls_000072.jpg 2000.286811 26928 128 3446784
bodleian_000340.jpg 1719.2434 12812 128 1639936
bodleian_000300.jpg 2747.742065 41524 128 5315072
oxford_001402.jpg 1390.339541 10376 128 1328128
radcliffe_camera_000146.jpg 1483.343297 15580 128 1994240
bodleian_000325.jpg 1087.789566 16716 128 2139648
oxford_001264.jpg 2537.578336 20880 128 2672640
christ_church_000792.jpg 1404.643538 12496 128 1599488
radcliffe_camera_000425.jpg 1625.036295 14000 128 1792000
pitt_rivers_000032.jpg 1803.868963 21856 128 2797568
balliol_000010.jpg 2950.050009 33964 128 4347392
oxford_001118.jpg 2597.646573 39180 128 5015040
christ_church_001055.jpg 2793.896759 31300 128 4006400
worcester_000134.jpg 3148.213793 34280 128 4387840
magdalen_001012.jpg 1678.834246 3792 128 485376
oxford_001080.jpg 1500.874485 16012 128 2049536
oxford_001042.jpg 1901.629332 19312 128 2471936
new_001070.jpg 1312.933128 4456 128 570368
balliol_000181.jpg 2315.813634 40888 128 5233664
oxford_001068.jpg 1459.181293 15552 128 1990656
magdalen_001090.jpg 1535.963239 18576 128 2377728
oxford_001204.jpg 2368.316217 31364 128 4014592
new_000876.jpg 2177.405375 18060 128 2311680
bodleian_000237.jpg 1962.369831 27372 128 3503616
christ_church_000259.jpg 1946.146525 14196 128 1817088
trinity_000122.jpg 850.279153 108 128 13824
oxford_001750.jpg 2210.34534 33776 128 4323328
bodleian_000425.jpg 2211.242394 21080 128 2698240
pitt_rivers_000010.jpg 2199.264644 25284 128 3236352
magdalen_000123.jpg 2310.625807 24992 128 3198976
christ_church_000327.jpg 2697.201936 40112 128 5134336
new_000649.jpg 1981.500962 23552 128 3014656
christ_church_000306.jpg 2046.553118 13156 128 1683968
oxford_001188.jpg 5376.463158 40620 128 5199360
oxford_003548.jpg 9717.158824 21540 128 2757120
new_000690.jpg 3362.416037 35508 128 4545024
bodleian_000119.jpg 2808.243685 23936 128 3063808
oxford_003542.jpg 4371.370258 14096 128 1804288
trinity_000374.jpg 1941.882806 3280 128 419840
oxford_001458.jpg 2409.930207 21548 128 2758144
cornmarket_000116.jpg 2427.387186 19484 128 2493952
oxford_000374.jpg 1954.26897 9964 128 1275392
magdalen_000134.jpg 6688.378815 25040 128 3205120
oxford_003391.jpg 3040.766632 13408 128 1716224
all_souls_000063.jpg 1282.063374 8844 128 1132032
balliol_000146.jpg 1449.229039 8472 128 1084416
oxford_002992.jpg 1663.565133 13636 128 1745408
keble_000107.jpg 2031.636578 15876 128 2032128
ashmolean_000222.jpg 2406.179378 23372 128 2991616
new_000793.jpg 1660.40368 17052 128 2182656
balliol_000196.jpg 1528.038982 17756 128 2272768
trinity_000070.jpg 1381.705213 4632 128 592896
christ_church_001028.jpg 1329.577671 9736 128 1246208
christ_church_000985.jpg 1433.739234 8000 128 1024000
new_000361.jpg 1386.073985 5768 128 738304
magdalen_000847.jpg 1492.372782 17732 128 2269696
new_000722.jpg 2228.534957 31408 128 4020224
oxford_000881.jpg 1200.365291 1948 128 249344
radcliffe_camera_000543.jpg 1689.776912 12940 128 1656320
oxford_001749.jpg 6238.947702 34796 128 4453888
oxford_002149.jpg 5694.456033 11916 128 1525248
balliol_000017.jpg 1971.938551 4980 128 637440
worcester_000184.jpg 2076.337487 14092 128 1803776
balliol_000078.jpg 1699.246033 5172 128 662016
magdalen_000479.jpg 1960.947773 6300 128 806400
trinity_000375.jpg 2523.612272 36244 128 4639232
christ_church_000303.jpg 1915.806911 28832 128 3690496
new_000134.jpg 954.947939 1840 128 235520
oxford_001601.jpg 1695.838903 14156 128 1811968
oxford_002370.jpg 2094.874104 27128 128 3472384
christ_church_000850.jpg 2349.737088 24312 128 3111936
christ_church_000319.jpg 1963.221903 21988 128 2814464
ashmolean_000183.jpg 1538.171056 10832 128 1386496
oxford_000770.jpg 1814.05748 21696 128 2777088
bodleian_000389.jpg 1144.269236 10504 128 1344512
trinity_000025.jpg 2063.979665 4044 128 517632
trinity_000068.jpg 839.15299 464 128 59392
new_000145.jpg 1929.198733 20428 128 2614784
radcliffe_camera_000164.jpg 1515.9829 14020 128 1794560
oxford_003564.jpg 1721.451812 14012 128 1793536
oxford_003194.jpg 1902.45584 18140 128 2321920
oxford_002508.jpg 1255.873157 16308 128 2087424
new_000827.jpg 1893.829196 14248 128 1823744
christ_church_000685.jpg 2111.273926 28364 128 3630592
oxford_002282.jpg 1477.713033 11412 128 1460736
oxford_002805.jpg 925.116023 4852 128 621056
trinity_000364.jpg 1606.835778 10956 128 1402368
magdalen_000790.jpg 1228.159803 3524 128 451072
oxford_000637.jpg 1742.101342 17520 128 2242560
christ_church_000358.jpg 3674.692824 39280 128 5027840
magdalen_000039.jpg 2517.312921 34920 128 4469760
jesus_000346.jpg 1320.106079 9696 128 1241088
oxford_000865.jpg 1156.058547 5444 128 696832
oxford_000750.jpg 2122.264549 28428 128 3638784
trinity_000170.jpg 1744.522546 12616 128 1614848
magdalen_000235.jpg 3499.802528 27356 128 3501568
oxford_000407.jpg 2959.205604 12504 128 1600512
pitt_rivers_000060.jpg 4155.317112 10972 128 1404416
all_souls_000026.jpg 2557.494868 18908 128 2420224
oxford_000324.jpg 2231.15775 15648 128 2002944
trinity_000162.jpg 2866.89382 19132 128 2448896
new_000393.jpg 2082.325536 2996 128 383488
oxford_000273.jpg 1526.213484 12712 128 1627136
new_000703.jpg 6992.552226 12448 128 1593344
oxford_003627.jpg 3224.099801 8008 128 1025024
oxford_000377.jpg 3580.598712 8336 128 1067008
radcliffe_camera_000104.jpg 8676.412401 37396 128 4786688
hertford_000128.jpg 6943.404928 6188 128 792064
bodleian_000298.jpg 8872.628257 23968 128 3067904
radcliffe_camera_000397.jpg 12913.318244 22168 128 2837504
oxford_001507.jpg 18136.699567 26024 128 3331072
radcliffe_camera_000138.jpg 27859.40734 19500 128 2496000
trinity_000014.jpg 18801.68802 17984 128 2301952
magdalen_000045.jpg 19430.236656 35252 128 4512256
